((10057 10281)
 (10080 10455)
 (10186 10590)
 (10331 10626)
 (10472 10638)
 (10532 10675)
 (10735 10746)
 (10832 10793)
 (10930 10800)
 (10983 10940)
 (11010 11056)
 (11074 11112)
 (11189 11308)
 (11299 11346)
 (11337 11717)
 (11404 11763)
 (11405 12397)
 (11529 12649)
 (11678 13106)
 (11778 13304)
 (11978 13379)
 (12358 13562)
 (12421 13598)
 (12472 13602)
 (12500 13618)
 (12509 13749)
 (12615 13761)
 (12619 13882)
 (12632 14222)
 (12658 14319)
 (12724 14324)
 (12801 14418)
 (13099 14463)
 (13126 14543)
 (13240 14547)
 (13305 14715)
 (13459 14785)
 (13480 14934)
 (13540 15008)
 (13731 15221)
 (13807 15293)
 (13847 15425)
 (13995 15460)
 (14096 15570)
 (14137 15623)
 (14189 15634)
 (14259 15826)
 (14338 15975)
 (14650 15989)
 (14652 16273)
 (14821 16557)
 (15157 16605)
 (15245 16605)
 (15280 16605)
 (15304 16605)
 (15354 16605)
 (15426 16605)
 (15685 16605)
 (15779 16605)
 (15843 16605)
 (15964 16605)
 (16136 16605)
 (16193 16605)
 (16515 16605)
 (16518 16605)
 (16605 16605)
 (16764 16605)
 (16860 16605)
 (16902 16605)
 (17017 16651)
 (17164 16819)
 (17173 16836)
 (17176 17153)
 (17234 17687)
 (17406 18053)
 (17474 18070)
 (17726 18149)
 (17814 18424)
 (17828 18651)
 (17970 18690)
 (17994 18749)
 (18046 19213)
 (18170 19215)
 (18387 19624)
 (18455 19974)
 (18472 20015)
 (18479 20115)
 (18649 20126)
 (18788 20462)
 (18853 20506)
 (18885 20848)
 (18964 21088)
 (18966 21091)
 (19067 21102)
 (19334 21189)
 (19354 21255)
 (19454 21575)
 (19498 22099)
 (19793 22237)
 (19871 22273)
 (19938 22585)
 (19948 22670)
 (20066 22989)
 (20089 22991)
 (20092 23375)
 (20294 23426)
 (20387 23448)
 (20403 23521)
 (20432 23722)
 (20577 23775)
 (20584 23791)
 (20628 24806)
 (20631 24806)
 (20654 24806)
 (20786 25240)
 (20954 25524)
 (20982 25582)
 (21030 25688)
 (21066 25688)
 (21328 25688)
 (21423 25688)
 (21462 25688)
 (21477 25688)
 (21527 25688)
 (21588 25688)
 (21685 25688)
 (21691 25688)
 (21747 25688)
 (22026 25688)
 (22127 25688)
 (22158 25688)
 (22197 25688)
 (22248 25688)
 (22322 25688)
 (22420 25688)
 (22430 25777)
 (22435 26098)
 (22499 26150)
 (22687 26150)
 (22699 26150)
 (22760 26150)
 (23203 26150)
 (23503 26150)
 (23565 26241)
 (23686 26347)
 (23687 26493)
 (23976 26594)
 (24036 26674)
 (24054 26735)
 (24079 27010)
 (24240 27063)
 (24284 27217)
 (24402 27225)
 (24435 27332)
 (24640 27423)
 (24797 27448)
 (24806 27464)
 (24915 27538)
 (24931 27606)
 (25008 27800)
 (25014 27839)
 (25080 28044)
 (25412 28106)
 (25431 28206)
 (25588 28483)
 (25598 29117)
 (25631 29117)
 (25688 29117)
 (25745 29117)
 (25855 29117)
 (25877 29117)
 (25924 29117)
 (25943 29160)
 (25996 29214)
 (26012 29434)
 (26029 29471)
 (26150 29631)
 (26300 29631)
 (26336 29631)
 (26371 29631)
 (26656 29631)
 (26894 29631)
 (26911 29631)
 (27028 29631)
 (27164 29631)
 (27169 30237)
 (27230 30237)
 (27255 30237)
 (27321 30237)
 (27374 30237)
 (27435 30237)
 (27509 30237)
 (27850 30237)
 (28046 30237)
 (28125 30237)
 (28179 30237)
 (28229 30237)
 (28232 30282)
 (28324 30290)
 (28345 30639)
 (28398 30691)
 (28410 30835)
 (28426 30972)
 (28441 31277)
 (28557 31350)
 (28887 31472)
 (28987 31534)
 (29014 31565)
 (29117 31605)
 (29149 31836)
 (29261 31836)
 (29270 31836)
 (29338 31836)
 (29403 31836)
 (29431 31836)
 (29524 31836)
 (29612 31836)
 (29631 31836)
 (29655 31836)
 (29705 32007)
 (29829 32072)
 (29863 32085)
 (29904 32258)
 (30002 32703)
 (30109 33080)
 (30237 33170)
 (30286 33313)
 (30328 33371)
 (30330 33383)
 (30396 33570)
 (30421 33577)
 (30611 33629)
 (30680 33638)
 (30701 33648)
 (30715 33706)
 (30767 33895)
 (30768 33920)
 (30887 34007)
 (30895 34261)
 (31046 34499)
 (31186 34518)
 (31265 34604)
 (31287 34672)
 (31355 34674)
 (31484 34958)
 (31735 35142)
 (31783 35177)
 (31836 35379)
 (31848 35466)
 (32048 35993)
 (32134 36067)
 (32255 36179)
 (32339 36228)
 (32410 36521)
 (32458 36522)
 (32466 36729)
 (32657 36957)
 (32796 37159)
 (32828 37289)
 (33032 37433)
 (33142 37494)
 (33511 37494)
 (33550 37494)
 (33658 37494)
 (33732 37494)
 (33783 37494)
 (34057 37494)
 (34182 37494)
 (34273 37619)
 (34298 37640)
 (34318 37832)
 (34632 37905)
 (34717 38036)
 (35077 38065)
 (35161 38154)
 (35288 38327)
 (35375 38781)
 (35420 39009)
 (35661 39047)
 (35708 39080)
 (35760 39265)
 (35761 39455)
 (35995 39542)
 (36024 39600)
 (36089 39690)
 (36196 39784)
 (36302 39886)
 (36367 39962)
 (36397 39980)
 (36476 39985)
 (36487 40323)
 (36509 40362)
 (36667 40666)
 (36693 40666)
 (36784 40666)
 (36793 40666)
 (36852 40666)
 (37041 40666)
 (37067 40666)
 (37072 40666)
 (37097 40666)
 (37390 40666)
 (37430 40666)
 (37494 40666)
 (37535 40666)
 (37656 40666)
 (37741 40666)
 (37966 40686)
 (38095 40758)
 (38133 40758)
 (38361 40758)
 (38404 40758)
 (38661 40758)
 (38692 40758)
 (38748 40758)
 (38793 40758)
 (38862 40758)
 (38905 40758)
 (38952 40758)
 (39019 40758)
 (39074 40758)
 (39195 40758)
 (39265 40758)
 (39398 40758)
 (39447 40758)
 (39466 40777)
 (39497 41005)
 (39641 41045)
 (39704 41072)
 (39858 41347)
 (39905 41517)
 (39994 41543)
 (40073 41543)
 (40112 41543)
 (40133 41543)
 (40215 41543)
 (40311 41543)
 (40428 41543)
 (40510 41543)
 (40555 41543)
 (40593 41543)
 (40608 41543)
 (40666 41543)
 (40688 41543)
 (40758 41543)
 (40981 41543)
 (41036 41543)
 (41172 41659)
 (41449 41944)
 (41450 42184)
 (41543 42251)
 (41703 42253)
 (41708 42303)
 (41710 42589)
 (41823 42759)
 (41955 42759)
 (41985 42759)
 (42034 42759)
 (42050 42759)
 (42179 42759)
 (42197 42759)
 (42279 42759)
 (42324 42759)
 (42519 42759)
 (42725 42759)
 (42759 42915)
 (42871 42956)
 (42958 42979)
 (42962 43521)
 (42983 43557)
 (43022 43558)
 (43029 43675)
 (43037 43685)
 (43064 43797)
 (43071 43868)
 (43343 43889)
 (43407 43928)
 (43516 43982)
 (43521 43993)
 (43687 44089)
 (43690 44223)
 (43825 44245)
 (44058 44355)
 (44166 44361)
 (44195 44418)
 (44233 44711)
 (44307 44744)
 (44661 44778)
 (44779 45124)
 (44822 45285)
 (44889 45413)
 (44896 45453)
 (44985 45453)
 (45049 45453)
 (45206 45453)
 (45383 45453)
 (45453 45453)
 (45552 45453)
 (45556 45476)
 (45563 45576)
 (45577 45588)
 (45694 45630)
 (45941 45801)
 (46068 46068)
 (46076 46068)
 (46164 46068)
 (46165 46068)
 (46188 46068)
 (46251 46179)
 (46304 46233)
 (46315 46438)
 (46386 46438)
 (46438 46438)
 (46614 46438)
 (46916 46551)
 (47223 46795)
 (47250 46859)
 (47330 47031)
 (47337 47040)
 (47360 47224)
 (47391 47593)
 (47397 48140)
 (47401 48534)
 (47461 48543)
 (47608 48777)
 (47643 48777)
 (47670 48777)
 (47805 48777)
 (47818 48777)
 (47847 48777)
 (47886 48777)
 (47962 48777)
 (48128 48777)
 (48162 48777)
 (48216 48777)
 (48337 48777)
 (48450 48777)
 (48506 48777)
 (48577 48777)
 (48616 48777)
 (48777 48777)
 (48857 48777)
 (48870 48777)
 (48907 48788)
 (48968 48869)
 (49004 49008)
 (49032 49080)
 (49172 49115)
 (49224 49160)
 (49434 49223)
 (49722 49456)
 (49731 49495)
 (49740 49568)
 (49779 49722)
 (49794 49722)
 (49829 49722)
 (49923 49722)
 (50125 49722)
 (50181 49722)
 (50216 49722)
 (50224 49722)
 (50266 49722)
 (50275 49722)
 (50416 49722)
 (50470 49722)
 (50558 49722)
 (50779 49722)
 (50803 49722)
 (50838 49722)
 (50925 49969)
 (51136 50298)
 (51147 50324)
 (51211 50416)
 (51312 50416)
 (51402 50416)
 (51578 50416)
 (51817 50416)
 (51830 50416)
 (51922 50416)
 (51968 50416)
 (52029 50416)
 (52114 50446)
 (52237 50713)
 (52247 50910)
 (52314 50924)
 (52772 51117)
 (52886 51153)
 (52926 51247)
 (52974 51344)
 (53075 51415)
 (53132 51492)
 (53155 51570)
 (53301 51618)
 (53311 51678)
 (53389 51968)
 (53548 51968)
 (53820 51968)
 (53863 51968)
 (53872 51968)
 (53910 51968)
 (54012 51968)
 (54211 51968)
 (54306 51968)
 (54600 51968)
 (54628 51968)
 (54643 51968)
 (54671 51968)
 (54771 51968)
 (54977 51968)
 (54979 51968)
 (55112 51968)
 (55319 51993)
 (55489 52335)
 (55649 52438)
 (55689 52772)
 (55707 52772)
 (55782 52772)
 (55986 52772)
 (56093 52772)
 (56232 52945)
 (56326 53047)
 (56436 53250)
 (56462 53340)
 (56542 53380)
 (56580 53479)
 (56823 54463)
 (56940 54524)
 (56973 54602)
 (57086 54917)
 (57331 54987)
 (57526 55399)
 (57567 55408)
 (57605 55418)
 (57673 56084)
 (57699 56760)
 (57864 56849)
 (57894 57175)
 (57990 57288)
 (58109 57449)
 (58192 57493)
 (58200 57572)
 (58271 57690)
 (58312 57892)
 (58345 57953)
 (58384 58184)
 (58412 58241)
 (58582 58251)
 (58699 58559)
 (58788 58623)
 (58840 58645)
 (59045 58837)
 (59047 59071)
 (59262 59103)
 (59295 59232)
 (59376 59373)
 (59394 59541)
 (59545 59925)
 (59557 60127)
 (59621 60195)
 (59839 60358)
 (60042 60422)
 (60177 60422)
 (60234 60422)
 (60362 60422)
 (60422 60422)
 (60470 60422)
 (60524 60422)
 (60573 60422)
 (60587 60422)
 (60651 60422)
 (60726 60422)
 (60911 60422)
 (61118 60422)
 (61234 60422)
 (61296 60422)
 (61423 60422)
 (61579 60422)
 (61703 60422)
 (61747 60562)
 (61748 60631)
 (61756 60721)
 (61790 61049)
 (61808 61132)
 (61868 61341)
 (62040 61407)
 (62141 61415)
 (62151 61451)
 (62432 61629)
 (62459 61983)
 (62478 62114)
 (62787 62652)
 (62948 62677)
 (63022 63002)
 (63197 63010)
 (63346 63051)
 (63402 63191)
 (63440 63211)
 (63510 63390)
 (63516 63752)
 (63642 63785)
 (64004 64037)
 (64119 64262)
 (64262 64262)
 (64269 64262)
 (64421 64262)
 (64637 64262)
 (64654 64262)
 (64801 64262)
 (64974 64262)
 (64980 64262)
 (64982 64262)
 (65119 64262)
 (65121 64262)
 (65164 64262)
 (65166 64262)
 (65236 64262)
 (65554 64262)
 (65623 64262)
 (65736 64262)
 (65777 64262)
 (65848 64262)
 (65897 64339)
 (65898 64342)
 (66295 64443)
 (66322 64457)
 (66360 64515)
 (66452 64775)
 (66473 64897)
 (66744 65037)
 (66751 65041)
 (66777 65082)
 (66818 65191)
 (66845 65480)
 (66976 65674)
 (67124 65833)
 (67431 65846)
 (67436 65951)
 (67650 66255)
 (67655 66267)
 (67892 66750)
 (67938 66867)
 (67982 66972)
 (68154 67108)
 (68177 67190)
 (68179 67225)
 (68213 67261)
 (68412 67431)
 (68586 67431)
 (68638 67431)
 (68670 67431)
 (68683 67431)
 (68754 67431)
 (68770 67431)
 (69018 67431)
 (69091 67431)
 (69148 67431)
 (69155 67431)
 (69198 67431)
 (69333 67431)
 (69351 67431)
 (69596 67431)
 (69716 67537)
 (69768 67635)
 (69841 67854)
 (69888 68060)
 (69957 68359)
 (69966 68375)
 (69967 68878)
 (70060 68892)
 (70094 68961)
 (70260 69046)
 (70327 69146)
 (70561 69225)
 (70813 69333)
 (70853 69333)
 (70970 69333)
 (71053 69333)
 (71147 69333)
 (71154 69333)
 (71218 69333)
 (71299 69333)
 (71310 69333)
 (71476 69333)
 (71517 69333)
 (71663 69333)
 (71901 69333)
 (71914 69333)
 (72216 69351)
 (72632 69351)
 (72811 69351)
 (72986 69351)
 (73053 69351)
 (73064 69351)
 (73205 69351)
 (73232 69351)
 (73421 69351)
 (73611 69351)
 (73724 69351)
 (73866 69351)
 (73894 69351)
 (73922 69530)
 (73934 69542)
 (74063 70146)
 (74173 70579)
 (74231 70645)
 (74312 70721)
 (74498 70988)
 (74521 71068)
 (74557 71083)
 (74565 71111)
 (74661 71126)
 (74667 71267)
 (75160 71387)
 (75492 71427)
 (75516 71791)
 (75520 71801)
 (75537 71891)
 (75545 71907)
 (75577 71990)
 (75594 72474)
 (75612 72607)
 (75646 72722)
 (75671 72776)
 (75680 72863)
 (75823 73053)
 (76105 73053)
 (76379 73053)
 (76495 73053)
 (76597 73053)
 (76696 73053)
 (76737 73053)
 (76776 73053)
 (76885 73053)
 (76946 73053)
 (77075 73220)
 (77116 73230)
 (77156 73290)
 (77170 73331)
 (77207 73460)
 (77271 73568)
 (77286 73847)
 (77293 73999)
 (77421 74050)
 (77640 74278)
 (77911 74560)
 (77933 74755)
 (78024 74801)
 (78056 74826)
 (78147 75185)
 (78516 75466)
 (78585 75513)
 (78614 75594)
 (78740 75594)
 (78854 75594)
 (78881 75657)
 (78900 75682)
 (79005 75723)
 (79607 75737)
 (79660 75804)
 (79699 75988)
 (79729 76440)
 (79748 76776)
 (79888 76776)
 (79985 76776)
 (80097 76776)
 (80127 76776)
 (80483 76776)
 (80587 76776)
 (80629 76776)
 (80641 76776)
 (80995 76776)
 (81010 76776)
 (81228 76776)
 (81332 76776)
 (81356 76776)
 (81423 76776)
 (81437 76776)
 (81455 76776)
 (81499 76965)
 (81599 77004)
 (81721 77005)
 (81798 77278)
 (81816 77293)
 (81827 77293)
 (81844 77293)
 (81995 77293)
 (82012 77293)
 (82072 77293)
 (82408 77293)
 (82420 77293)
 (82576 77293)
 (82739 77293)
 (82769 77512)
 (82868 77750)
 (83041 77846)
 (83147 77938)
 (83184 78181)
 (83200 78224)
 (83242 78625)
 (83270 78637)
 (83286 78671)
 (83332 78939)
 (83382 78940)
 (83432 79014)
 (83449 79091)
 (83464 79235)
 (83603 79799)
 (83666 79805)
 (83807 79874)
 (84088 79901)
 (84375 80395)
 (84419 80493)
 (84452 81066)
 (84774 81151)
 (84877 81204)
 (84902 81291)
 (84938 81319)
 (85084 81327)
 (85174 81360)
 (85254 81510)
 (85468 81591)
 (85473 81692)
 (85492 81701)
 (85494 81828)
 (85588 81829)
 (85594 81992)
 (85678 82316)
 (85805 82505)
 (86045 82893)
 (86093 83156)
 (86124 83286)
 (86177 83286)
 (86434 83286)
 (86440 83286)
 (86470 83286)
 (86473 83368)
 (86580 83376)
 (86616 83436)
 (86636 83582)
 (86852 83598)
 (86884 83863)
 (87086 84299)
 (87134 84459)
 (87196 84467)
 (87223 84500)
 (87270 84501)
 (87276 84502)
 (87280 84944)
 (87343 85013)
 (87398 85083)
 (87617 85128)
 (87652 85509)
 (87928 85609)
 (88003 85685)
 (88129 85918)
 (88163 86585)
 (88334 86694)
 (88355 86796)
 (88393 87088)
 (88395 87256)
 (88407 87382)
 (88485 87629)
 (88520 87804)
 (88691 87895)
 (88810 87915)
 (88930 88003)
 (89353 88003)
 (89436 88003)
 (89564 88003)
 (89636 88003)
 (89647 88003)
 (89770 88003)
 (89856 88003)
 (89859 88003)
 (89943 88199)
 (90011 88472)
 (90090 88882)
 (90131 89055)
 (90213 89112)
 (90232 89141)
 (90343 89226)
 (90425 89650)
 (90522 89658)
 (90600 89795)
 (90673 89841)
 (90797 90058)
 (90826 90127)
 (90931 90370)
 (90992 90424)
 (91093 90551)
 (91128 90635)
 (91160 90776)
 (91271 90793)
 (91306 90839)
 (91437 90896)
 (91608 90954)
 (91790 90956)
 (91822 91132)
 (91840 91288)
 (91913 91292)
 (91928 91350)
 (92256 91733)
 (92298 92039)
 (92302 92099)
 (92511 92154)
 (92555 92189)
 (92759 92261)
 (92781 92298)
 (92886 92298)
 (93254 92298)
 (93286 92298)
 (93360 92298)
 (93368 92298)
 (93435 92298)
 (93495 92298)
 (93651 92298)
 (93726 92298)
 (93767 92298)
 (93975 92298)
 (94045 92627)
 (94185 92655)
 (94306 92795)
 (94426 93216)
 (94548 93617)
 (94559 93670)
 (94565 94009)
 (94724 94086)
 (94793 94302)
 (94946 94331)
 (95036 94350)
 (95079 94556)
 (95094 94559)
 (95130 94559)
 (95162 94559)
 (95193 94559)
 (95257 94774)
 (95310 94884)
 (95332 94986)
 (95380 95118)
 (95453 95159)
 (95455 95426)
 (95622 95467)
 (95693 95623)
 (95733 95693)
 (95740 95693)
 (95744 95693)
 (95757 95734)
 (95899 95903)
 (95909 96255)
 (96096 96255)
 (96124 96255)
 (96137 96255)
 (96200 96255)
 (96222 96255)
 (96255 96255)
 (96408 96255)
 (96536 96255)
 (96554 96255)
 (96696 96255)
 (96705 96255)
 (96798 96255)
 (96815 96255)
 (96913 96334)
 (96929 96422)
 (96935 96442)
 (97106 96787)
 (97108 96914)
 (97139 97187)
 (97198 97229)
 (97288 97760)
 (97545 97825)
 (97554 97857)
 (97583 97931)
 (97765 98055)
 (98050 98182)
 (98213 98528)
 (98478 98589)
 (98485 98724)
 (98512 98738)
 (98613 98750)
 (98680 99004)
 (98751 99076)
 (98841 99076)
 (98875 99076)
 (98920 99076)
 (98925 99076)
 (99042 99076)
 (99076 99076)
 (99196 99076)
 (99212 99076)
 (99221 99076)
 (99306 99076)
 (99374 99076)
 (99417 99076)
 (99434 99076)
 (99522 99107)
 (99667 99196)
 (99797 99196)
 (99897 99294)
 (99960 99347))
